 ------------------------------------------------------------------------------
 ----- WATER ------------------------------------------------------------------
 ------------------------------------------------------------------------------
Station Name	Latitude	Longitude	1982	1983	1984	1985	1986	1987	1988	1989	1990	1991	1992	1993	1994	1995	1996	1997	1998	1999	2000	2001	2002	2003	2004	2005	2006	2007	2008	2009	2010	2011	
01413500	0	0
305.515263304838	324.42950650191	424.118667763286	184.965611588959	377.159740953262	352.828209475413	278.212396274265	294.964129147242	355.392804548097	275.204403384109	284.174341166441	320.239849665688	355.051109938996	204.737094203867	526.695997638727	421.046534001608	464.712809307018	355.28054779149	433.397069902742	237.239173920299	242.357583770689	509.569967999289	533.570575741394	377.861387624405	605.412419490462	436.447911810319	480.465522407147	447.380396979047	407.834658325936	708.965112384417	
01414500	0	0
51.9592651443617	57.7305302441197	69.3674413624637	34.972629608628	61.79085761212	56.9843176700636	43.4338388069966	50.3155631130805	58.0001444111014	44.8113269081131	43.7196058123942	51.0572003063305	62.0948805436626	34.6204546870116	89.7122078016187	74.0856346736062	74.3905526683872	54.6363021212188	69.9511064494137	42.3023630953259	43.1304796410742	86.3026452776598	89.2071939101264	63.2700126931284	100.845521725114	69.6685134955389	78.3090265888492	77.4159357218478	66.0161795834498	113.040950576426	
01420500	0	0
494.12400140592	548.146393478084	643.833855932612	336.209059781048	623.963548366689	546.010085116696	416.359188424277	482.104384000339	572.107148478596	453.192511344919	446.304850952035	515.410269438023	638.722424969711	365.516271543196	886.45241070559	726.08283483926	702.706558520381	477.251067983812	688.859966426675	452.545873134599	453.224194599385	823.370825213719	882.099742030557	628.179374329353	910.930281783604	643.218482044777	745.717958000089	775.762134053882	619.136935447318	1044.9442077516	
01435000	0	0
157.198376776587	197.082539312776	214.3607570716	114.473554854607	187.694785456708	200.928558407738	144.089742844313	166.282710060808	188.474785241968	137.940486824437	148.732248344981	160.394850534535	197.774069259778	111.885378664323	278.709162788811	221.173544421618	222.968528008415	168.358693904549	207.76633897182	137.873500486348	119.430018652736	262.448183774441	271.01744069045	197.851803842284	287.541610896512	203.408023345765	237.400288772979	229.613872207711	204.006643064308	338.881769269119	
